100
2
10 11
3
0 9 9
4
81 67 83 86
3
11 22 30
1
0
1
5
1
999999
1
1000000
2
5 10
3
0 10 11
5
10 20 21 22 23
5
422808 211404 761062 845625 491519
5
49 51 78 58 9
5
26 60 53 88 34
5
68 40 51 35 6
5
90 2 43 91 64
5
23 46 69 58 98
5
16 44 91 60 26
5
38 68 54 75 61
5
64 26 66 82 32
5
96 31 17 5 0
5
91 92 14 77 79
10
84 20 41 16 99 47 34 74 39 49
10
42 67 35 83 52 18 12 56 50 37
10
53 92 53 8 77 37 71 53 14 88
10
29 91 21 84 78 69 5 85 79 18
10
55 67 82 27 41 39 96 28 85 96
10
47 82 92 96 45 92 25 99 100 65
10
38 18 41 22 7 68 41 89 3 71
10
81 96 58 16 69 11 39 89 20 9
10
93 86 26 11 84 22 20 51 31 22
10
51 93 58 97 83 14 18 92 89 0
5
972544 980825 835465 805217 874375
5
901594 923963 930194 844429 840518
5
920961 864819 934263 873254 925361
5
834124 984736 916134 917003 851625
5
921584 887617 925357 809088 946790
5
898700 844590 886574 993556 882014
5
993709 801509 866486 964180 810503
5
938948 970853 916139 927056 911988
5
920745 877250 992484 991847 875016
5
830555 962810 990990 943538 905966
10
984181 920122 812674 893659 910966 969326 825213 935931 987255 986772
10
919160 859306 961024 852703 963120 964574 945472 879517 884388 866128
10
858692 873529 822992 852644 913481 885593 877347 902653 931328 883136
10
929574 936184 982074 976508 913444 995032 899961 945753 978602 900372
10
946827 812650 938114 877900 822879 873443 966295 910125 828818 924479
10
892563 825806 932215 902772 907033 940283 827412 827828 849948 917555
10
880228 934260 996984 829206 959613 894398 920072 963962 894112 891504
10
968456 825562 870704 937637 944055 905330 924197 980239 843990 938471
10
969037 847975 982640 998256 842047 997502 971155 821106 832294 921396
10
933073 915358 972643 977191 914773 800505 998782 964204 887608 868881
10
993577 61 940622 894396 85 61 41 94 838826 975468
10
62 26 54 977630 862143 818427 8 957838 969025 19
10
816495 18 80 965018 966914 61 905783 859929 87 31
10
883755 46 812621 941915 69 62 846833 829267 95 61
10
943826 966065 93 36 25 36 918388 808696 75 953893
10
33 836719 928757 19 821314 23 94 869677 805147 63
10
100 933377 82 894926 976930 34 828631 921080 9 67
10
923679 4 844857 957589 842521 901656 70 94 27 61
10
13 59 908618 56 994688 988284 929349 57 817012 55
10
70 837427 41 933910 87 94 909937 985835 995925 51
10
30 876690 66 78 993848 892167 4 826249 16 996681
10
45 832425 874195 69 831429 90 943697 830441 88 16
10
35 814372 925409 45 96 924022 848681 54 49 991493
10
71 865952 915456 923294 9 803076 72 879636 6 40
10
824618 925456 827472 868449 75 878153 39 93 40 48
10
869980 73 901768 871020 69 35 14 984104 39 825441
10
84 899480 968181 82 69 910034 884384 892289 53 68
10
81 45 827498 961648 802530 825852 2 34 804336 35
10
0 79 811778 11 921397 827859 864549 55 27 828291
10
850099 47 93 997498 937235 44 6 23 983054 964028
10
394595 868765 382400 471325 317805 157095 526645 422290 53240 296455
7
344447 463470 651435 662665 860185 44400 296040
9
927800 454480 192455 457154 477767 68929 506630 937465 819095
8
339270 918574 900355 952680 506375 370555 882905 272810
7
503995 427683 524766 573496 218485 131764 441041
7
994787 154047 309595 130605 68395 483580 558665
9
279117 688974 77828 167770 774461 22450 330 750025 804155
9
686530 267540 420740 728470 451145 593765 860675 750 920975
9
110255 21280 985875 762895 210335 532005 538855 30555 690036
8
315580 497060 371660 720010 755935 250575 99610 715830
8
968195 224593 702760 150863 951200 892465 264925 712325
9
800795 270015 841119 386590 566332 470465 303275 284660 488350
7
929975 105095 315525 756590 770726 102650 666830
7
326663 93365 33735 16520 681786 496235 627079
10
638775 277240 990905 165430 707430 300655 797825 846140 933987 186624
9
806870 540926 145185 887825 820895 488280 669890 711640 251375
10
961766 58785 358035 352530 122000 727940 530030 278815 242665 173610
10
369290 510485 919010 481230 320980 154280 554017 239570 104970 410275
7
933209 506205 381825 842295 825560 584578 516150
8
756189 588520 234785 290902 973365 344140 511686 737490
10
751273 541435 269581 885475 406400 835272 815982 462596 159553 339287
9
32352 422434 116885 651594 500356 7980 872042 513835 539663
10
36951 441365 648546 202124 898103 832991 382937 223069 349195 483227
7
849097 164684 814088 952408 969380 519054 827697
10
968662 729069 971947 324804 984662 150010 592584 812554 502079 854261
6
898122 674143 990606 925386 20603 355721
2
306583 920086
8
987813 896576 434124 606728 495143 168991 115183 182443
